0.75233757589
0.832685713166
0.921112199339
0.988424921506
1.0
0.952472267882
0.874551183695
0.787149967797
0.699197902131
0.61253089264
0.536165296422
0.501170749705
0.528012697035
0.596839474854
0.682907784873
0.771585697434
0.859899443671
0.94300832107
0.99719102743
0.994031283004
0.936035441996
0.85588500464
0.7414838354
0.821831972675
0.910258458849
0.977571181015
0.98914625951
0.941618527392
0.863697443205
0.776296227307
0.68834416164
0.60167715215
0.525311555932
0.490317009214
0.517158956545
0.585985734363
0.672054044382
0.760731956944
0.849045703181
0.932154580579
0.986337286939
0.983177542513
0.925181701505
0.845031264149
0.709860330602
0.790208467878
0.878634954051
0.945947676218
0.957522754712
0.909995022594
0.832073938407
0.744672722509
0.656720656843
0.570053647352
0.493688051134
0.458693504417
0.485535451747
0.554362229566
0.640430539585
0.729108452146
0.817422198383
0.900531075782
0.954713782142
0.951554037716
0.893558196708
0.813407759352
0.660199196817
0.740547334093
0.828973820266
0.896286542432
0.907861620927
0.860333888809
0.782412804622
0.695011588724
0.607059523057
0.520392513567
0.444026917349
0.409032370632
0.435874317962
0.50470109578
0.590769405799
0.679447318361
0.767761064598
0.850869941997
0.905052648356
0.90189290393
0.843897062922
0.763746625566
0.596790943222
0.677139080498
0.765565566671
0.832878288838
0.844453367332
0.796925635214
0.719004551027
0.631603335129
0.543651269463
0.456984259973
0.380618663755
0.345624117037
0.372466064367
0.441292842186
0.527361152205
0.616039064767
0.704352811004
0.787461688402
0.841644394762
0.838484650336
0.780488809328
0.700338371972
0.525113771248
0.605461908524
0.693888394697
0.761201116863
0.772776195358
0.72524846324
0.647327379053
0.559926163155
0.471974097488
0.385307087998
0.30894149178
0.273946945063
0.300788892393
0.369615670212
0.45568398023
0.544361892792
0.632675639029
0.715784516428
0.769967222787
0.766807478362
0.708811637354
0.628661199997
0.451360281441
0.531708418717
0.62013490489
0.687447627056
0.699022705551
0.651494973433
0.573573889246
0.486172673348
0.398220607681
0.311553598191
0.235188001973
0.200193455256
0.227035402586
0.295862180404
0.381930490423
0.470608402985
0.558922149222
0.642031026621
0.69621373298
0.693053988554
0.635058147546
0.55490771019
0.381902459313
0.462250596589
0.550677082762
0.617989804929
0.629564883423
0.582037151305
0.504116067118
0.41671485122
0.328762785554
0.242095776063
0.165730179845
0.130735633128
0.157577580458
0.226404358277
0.312472668296
0.401150580857
0.489464327094
0.572573204493
0.626755910853
0.623596166427
0.565600325419
0.485449888063
0.322741163095
0.403089300371
0.491515786544
0.558828508711
0.570403587205
0.522875855087
0.4449547709
0.357553555002
0.269601489335
0.182934479845
0.106568883627
0.0715743369098
0.0984162842399
0.167243062059
0.253311372077
0.341989284639
0.430303030876
0.513411908275
0.567594614635
0.564434870209
0.506439029201
0.426288591845
0.278987675294
0.35933581257
0.447762298744
0.51507502091
0.526650099404
0.479122367286
0.401201283099
0.313800067201
0.225848001535
0.139180992045
0.0628153958267
0.0278208491093
0.0546627964394
0.123489574258
0.209557884277
0.298235796839
0.386549543076
0.469658420474
0.523841126834
0.520681382408
0.4626855414
0.382535104044
0.254422109789
0.334770247065
0.423196733239
0.490509455405
0.502084533899
0.454556801781
0.376635717594
0.289234501697
0.20128243603
0.11461542654
0.0382498303217
0.00325528360434
0.0300972309345
0.0989240087532
0.184992318772
0.273670231334
0.361983977571
0.445092854969
0.499275561329
0.496115816903
0.438119975895
0.357969538539
0.251166826185
0.331514963461
0.419941449634
0.487254171801
0.498829250295
0.451301518177
0.37338043399
0.285979218092
0.198027152426
0.111360142935
0.0349945467174
0.0
0.0268419473301
0.0956687251488
0.181737035168
0.270414947729
0.358728693966
0.441837571365
0.496020277725
0.492860533299
0.434864692291
0.354714254935
0.269503067037
0.349851204313
0.438277690486
0.505590412653
0.517165491147
0.469637759029
0.391716674842
0.304315458944
0.216363393278
0.129696383787
0.0533307875693
0.0183362408519
0.045178188182
0.114004966001
0.20007327602
0.288751188581
0.377064934818
0.460173812217
0.514356518577
0.511196774151
0.453200933143
0.373050495787
0.3078466597
0.388194796976
0.476621283149
0.543934005315
0.55550908381
0.507981351692
0.430060267505
0.342659051607
0.25470698594
0.16803997645
0.0916743802321
0.0566798335147
0.0835217808449
0.152348558664
0.238416868682
0.327094781244
0.415408527481
0.49851740488
0.552700111239
0.549540366814
0.491544525806
0.411394088449
0.362884882056
0.443233019332
0.531659505505
0.598972227672
0.610547306166
0.563019574048
0.485098489861
0.397697273963
0.309745208297
0.223078198806
0.146712602588
0.111718055871
0.138560003201
0.20738678102
0.293455091039
0.3821330036
0.470446749837
0.553555627236
0.607738333596
0.60457858917
0.546582748162
0.466432310806
0.429862667513
0.510210804789
0.598637290962
0.665950013129
0.677525091623
0.629997359505
0.552076275318
0.46467505942
0.376722993754
0.290055984263
0.213690388045
0.178695841328
0.205537788658
0.274364566477
0.360432876496
0.449110789057
0.537424535294
0.620533412693
0.674716119053
0.671556374627
0.613560533619
0.533410096263
0.502993422384
0.583341559659
0.671768045833
0.739080767999
0.750655846493
0.703128114375
0.625207030188
0.537805814291
0.449853748624
0.363186739134
0.286821142916
0.251826596198
0.278668543529
0.347495321347
0.433563631366
0.522241543928
0.610555290165
0.693664167563
0.747846873923
0.744687129497
0.686691288489
0.606540851133
0.575958962785
0.656307100061
0.744733586234
0.812046308401
0.823621386895
0.776093654777
0.69817257059
0.610771354692
0.522819289026
0.436152279536
0.359786683318
0.3247921366
0.35163408393
0.420460861749
0.506529171768
0.59520708433
0.683520830567
0.766629707965
0.820812414325
0.817652669899
0.759656828891
0.679506391535
0.642455378659
0.722803515935
0.811230002108
0.878542724275
0.890117802769
0.842590070651
0.764668986464
0.677267770566
0.5893157049
0.50264869541
0.426283099192
0.391288552474
0.418130499804
0.486957277623
0.573025587642
0.661703500204
0.750017246441
0.833126123839
0.887308830199
0.884149085773
0.826153244765
0.746002807409
0.696737664587
0.777085801863
0.865512288036
0.932825010203
0.944400088697
0.896872356579
0.818951272392
0.731550056494
0.643597990828
0.556930981337
0.480565385119
0.445570838402
0.472412785732
0.541239563551
0.62730787357
0.715985786131
0.804299532368
0.887408409767
0.941591116127
0.938431371701
0.880435530693
0.800285093337
0.734116063645
0.814464200921
0.902890687094
0.97020340926
0.981778487755
0.934250755637
0.85632967145
0.768928455552
0.680976389885
0.594309380395
0.517943784177
0.48294923746
0.50979118479
0.578617962609
0.664686272627
0.753364185189
0.841677931426
0.924786808825
0.978969515184
0.975809770759
0.917813929751
0.837663492394
